%YAML:1.0
---
cameraMatrixL: !!opencv-matrix
   rows: 3
   cols: 3
   dt: d
   data: [ 6.8613449700817660e+02, 0., 6.4726282838520285e+02, 0.,
       6.8636410358059720e+02, 3.7730557471119732e+02, 0., 0., 1. ]
cameraDistcoeffL: !!opencv-matrix
   rows: 5
   cols: 1
   dt: d
   data: [ 8.7412504270939356e-03, -2.7177427931431467e-02,
       2.7492131041501321e-04, 2.0995915360611897e-04,
       2.2076306118757955e-02 ]
cameraMatrixR: !!opencv-matrix
   rows: 3
   cols: 3
   dt: d
   data: [ 6.8748925064548666e+02, 0., 6.4660924463400397e+02, 0.,
       6.8765708993809062e+02, 3.7596752943193616e+02, 0., 0., 1. ]
cameraDistcoeffR: !!opencv-matrix
   rows: 5
   cols: 1
   dt: d
   data: [ 6.4139177044601455e-03, -3.2784095515935800e-02,
       -5.8393382641011083e-04, 2.8555127056899287e-04,
       4.3998647246530666e-02 ]
